Close,News_ranking,Volume,Date
74.19,,18994632.0,2020-06-24
71.1,0.6666666666666666,13282092.0,2020-06-25
63.55,,15212711.0,2020-06-26
67.57,0.7142857142857143,14847504.0,2020-06-29
67.53,0.6153846153846154,13665588.0,2020-06-30
65.9,-0.5238095238095238,9524522.0,2020-07-01
57.19,-0.5238095238095238,22864472.0,2020-07-02
40.23,,0.0,2020-07-07
54.03,,51432766.0,2020-07-08
56.75,-0.3333333333333333,37530348.0,2020-07-09
54.24,-0.5238095238095238,17294853.0,2020-07-10
53.95,-0.6190476190476191,13184756.0,2020-07-13
53.14,-0.3333333333333333,10001200.0,2020-07-14
54.58,-0.5238095238095238,11893183.0,2020-07-15
52.53,-0.6190476190476191,10919763.0,2020-07-16
48.84,-0.7142857142857143,21672175.0,2020-07-17
38.45,-0.42857142857142855,38429364.0,2020-07-20
39.75,-0.3333333333333333,17328823.0,2020-07-21
36.57,-0.23809523809523808,19019869.0,2020-07-22
33.94,-0.23809523809523808,19023851.0,2020-07-23
29.92,-0.44,30040657.0,2020-07-24
33.2,-0.42857142857142855,29823915.0,2020-07-27
32.75,-0.5238095238095238,10965160.0,2020-07-28
31.23,-0.42857142857142855,12327136.0,2020-07-29
29.06,-0.17647058823529413,14743372.0,2020-07-30
30.0,-0.3333333333333333,10934959.0,2020-07-31
36.49,-0.23809523809523808,25763898.0,2020-08-03
38.84,-0.14285714285714285,55793586.0,2020-08-04
35.03,-0.4,32394257.0,2020-08-05
36.3,,19752368.0,2020-08-06
36.72,-0.3333333333333333,11532261.0,2020-08-07
44.81,-0.2549019607843137,58718143.0,2020-08-10
41.1,-0.28,21379312.0,2020-08-11
42.81,-0.8095238095238095,10786681.0,2020-08-12
45.97,-0.6190476190476191,23743579.0,2020-08-13
45.96,-0.14285714285714285,12493851.0,2020-08-14
43.57,-0.1,13652912.0,2020-08-17
41.76,-0.4782608695652174,9289925.0,2020-08-18
42.53,-0.5,10026675.0,2020-08-19
40.94,-0.6,7640795.0,2020-08-20
39.37,-0.12,8888934.0,2020-08-21
38.69,-0.8095238095238095,10223588.0,2020-08-24
39.18,-0.8095238095238095,5499961.0,2020-08-25
38.82,-0.7142857142857143,6854046.0,2020-08-26
41.35,,13570681.0,2020-08-28
40.81,-0.13725490196078433,11367188.0,2020-08-31
41.0,,8149310.0,2020-09-01
39.42,0.3333333333333333,8666865.0,2020-09-02
36.13,0.23809523809523808,10393311.0,2020-09-03
35.55,0.14285714285714285,0.0,2020-09-04
50.05,,134497661.0,2020-09-08
42.37,0.6,51319676.0,2020-09-09
37.57,0.3333333333333333,65869155.0,2020-09-10
32.13,0.14285714285714285,99078933.0,2020-09-11
35.79,0.7142857142857143,111277879.0,2020-09-14
32.83,0.49019607843137253,52374952.0,2020-09-15
33.28,0.23809523809523808,46633027.0,2020-09-16
33.83,0.42857142857142855,24468326.0,2020-09-17
34.19,0.5238095238095238,21498821.0,2020-09-18
27.58,0.047619047619047616,86710077.0,2020-09-21
28.51,0.5238095238095238,30291457.0,2020-09-22
21.15,0.3333333333333333,47819937.0,2020-09-23
19.1,0.6190476190476191,51540984.0,2020-09-24
19.46,0.8095238095238095,24601348.0,2020-09-25
19.3,0.6470588235294118,23928212.0,2020-09-28
17.88,0.42857142857142855,30902753.0,2020-09-29
20.48,0.3333333333333333,93089646.0,2020-09-30
24.11,,138493962.0,2020-10-01
24.25,0.6078431372549019,64518241.0,2020-10-02
23.78,0.23809523809523808,37845991.0,2020-10-05
23.57,0.23809523809523808,22605396.0,2020-10-06
25.72,0.3333333333333333,22580969.0,2020-10-07
25.0,0.5238095238095238,24552430.0,2020-10-08
24.66,0.6190476190476191,14613977.0,2020-10-09
24.15,0.6190476190476191,11696149.0,2020-10-12
24.23,0.803921568627451,12980890.0,2020-10-13
24.11,0.7142857142857143,8554639.0,2020-10-14
23.3,0.6470588235294118,8754514.0,2020-10-15
19.545,0.6470588235294118,37942020.0,2020-10-16
20.46,0.6862745098039216,25164989.0,2020-10-19
20.72,0.23809523809523808,10094646.0,2020-10-20
22.24,0.23809523809523808,30949847.0,2020-10-21
22.72,0.23809523809523808,10544130.0,2020-10-22
22.54,0.14285714285714285,6918970.0,2020-10-23
20.91,,8124918.0,2020-10-26
21.39,0.3333333333333333,5676521.0,2020-10-27
21.39,0.3333333333333333,5676521.0,2020-10-27
19.67,,10036636.0,2020-10-28
19.79,0.6470588235294118,5427907.0,2020-10-29
18.31,,10168195.0,2020-10-30
18.58,,5963274.0,2020-11-02
18.84,0.5238095238095238,6411386.0,2020-11-03
18.46,0.7647058823529411,7947267.0,2020-11-04
19.95,0.23809523809523808,13312218.0,2020-11-05
19.58,,8674440.0,2020-11-06
18.63,0.3333333333333333,12967862.0,2020-11-09
18.03,0.23809523809523808,13357032.0,2020-11-10
20.18,-0.3333333333333333,20552008.0,2020-11-11
19.57,,9427277.0,2020-11-12
21.18,0.0,17187293.0,2020-11-13
21.9,0.2,12676483.0,2020-11-16
22.03,0.1,10354840.0,2020-11-17
25.42,0.5238095238095238,54649383.0,2020-11-18
26.23,0.5238095238095238,40498278.0,2020-11-19
26.38,0.5238095238095238,18324661.0,2020-11-20
29.41,0.42857142857142855,23547455.0,2020-11-23
34.5,0.5238095238095238,62283834.0,2020-11-24
30.24,,0.0,2020-11-25
27.93,0.42857142857142855,21018989.0,2020-11-27
20.41,0.42857142857142855,93255404.0,2020-11-30
17.37,0.14285714285714285,71739681.0,2020-12-01
18.32,0.047619047619047616,31588623.0,2020-12-02
18.98,0.14285714285714285,21101611.0,2020-12-03
18.88,-0.0196078431372549,12582230.0,2020-12-04
18.44,0.3333333333333333,15432182.0,2020-12-07
18.92,0.42857142857142855,14646823.0,2020-12-08
18.31,0.5238095238095238,14672002.0,2020-12-09
18.57,0.42857142857142855,10620363.0,2020-12-10
17.62,0.42857142857142855,14935861.0,2020-12-11
16.41,,19564116.0,2020-12-14
16.48,0.23809523809523808,17976448.0,2020-12-15
33.97,,25430426.0,2020-12-24
16.405,,0.0,2020-12-28
16.13,,26139171.0,2020-12-29
15.98,0.23809523809523808,13749143.0,2020-12-30
15.26,0.17647058823529413,14068052.0,2020-12-31
16.08,,11313400.0,2021-01-04
16.03,0.3333333333333333,7925937.0,2021-01-05
16.2,0.3333333333333333,11702637.0,2021-01-06
